50
9
6431 14266 22101 671 37771 45606 53441 61276 69111 
15
1680 7331 7918 8505 9092 9679 10266 10853 11440 12027 12614 13201 13788 14375 14962 
13
1744 8433 15122 21811 28500 35189 41878 1119 55256 61945 68634 75323 82012 
19
1898 8521 15144 21767 28390 35013 41636 48259 54882 61505 68128 74751 81374 87997 1363 101243 107866 114489 121112 
7
7696 532 17270 22057 26844 31631 36418 
14
5801 8096 527 12686 14981 17276 19571 21866 24161 26456 28751 31046 33341 35636 
7
1351 9975 19038 28101 37164 46227 55290 
8
6321 9810 13299 16788 20277 1241 27255 30744 
7
8450 473 24328 32267 40206 48145 56084 
9
7587 11844 16101 20358 24615 28872 33129 37386 1958 
5
2287 9762 156 24712 32187 
4
2274 8852 15430 42 
19
4418 5536 6654 851 8890 10008 11126 12244 13362 14480 15598 16716 17834 18952 20070 21188 22306 23424 24542 
17
687 1254 1821 2388 2955 3522 4089 4656 5223 5790 6357 6924 7491 8058 739 9192 9759 
15
3233 5370 7507 9644 11781 13918 16055 361 20329 22466 24603 26740 28877 31014 33151 
11
8229 1678 27007 36396 45785 55174 64563 73952 83341 92730 102119 
19
9817 10484 11151 11818 12485 13152 1135 14486 15153 15820 16487 17154 17821 18488 19155 19822 20489 21156 21823 
6
6775 1843 22659 30601 38543 46485 
17
7233 1103 14473 18093 21713 25333 28953 32573 36193 39813 43433 47053 50673 54293 57913 61533 65153 
17
7131 13326 1699 25716 31911 38106 44301 50496 56691 62886 69081 75276 81471 87666 93861 100056 106251 
20
5198 6917 8636 10355 12074 13793 15512 17231 18950 20669 22388 24107 25826 27545 29264 1983 32702 34421 36140 37859 
9
6518 14647 22776 30905 39034 47163 1056 63421 71550 
15
2079 7169 12259 17349 1747 27529 32619 37709 42799 47889 52979 58069 63159 68249 73339 
5
1331 14120 19619 25118 30617 
11
6848 1225 14602 18479 22356 26233 30110 33987 37864 41741 45618 
19
6189 9436 12683 15930 19177 22424 25671 28918 926 35412 38659 41906 45153 48400 51647 54894 58141 61388 64635 
6
5463 15285 25107 1499 44751 54573 
20
6973 10975 14977 18979 1979 26983 30985 34987 38989 42991 46993 50995 54997 58999 63001 67003 71005 75007 79009 83011 
19
4362 6324 8286 10248 12210 14172 16134 18096 20058 22020 309 25944 27906 29868 31830 33792 35754 37716 39678 
5
5124 766 5444 5604 5764 
15
887 1560 2233 2906 3579 4252 4925 5598 6271 6944 7617 8290 8963 1844 10309 
15
67 5466 10865 16264 21663 27062 32461 37860 43259 48658 54057 59456 64855 70254 1131 
4
1046 2882 3994 5106 
18
9570 11766 13962 16158 18354 20550 22746 24942 27138 29334 31530 33726 35922 1487 40314 42510 44706 46902 
7
1876 3662 5448 7234 1250 10806 12592 
9
4730 6096 7462 8828 10194 184 12926 14292 15658 
12
291 2095 3899 5703 196 9311 11115 12919 14723 16527 18331 20135 
5
2653 539 4735 5776 6817 
15
6439 10899 15359 1259 24279 28739 33199 37659 42119 46579 51039 55499 59959 64419 68879 
20
6399 12257 18115 23973 29831 35689 41547 47405 53263 59121 64979 70837 76695 82553 88411 94269 1802 105985 111843 117701 
9
3960 4835 5710 6585 1603 8335 9210 10085 10960 
16
8394 11128 377 16596 19330 22064 24798 27532 30266 33000 35734 38468 41202 43936 46670 49404 
10
3675 5848 8021 10194 1910 14540 16713 18886 21059 23232 
9
6470 8663 10856 13049 15242 578 19628 21821 24014 
12
1739 10203 19527 28851 38175 47499 56823 66147 75471 84795 94119 103443 
13
9027 14108 19189 24270 29351 34432 39513 44594 49675 54756 59837 182 69999 
10
4751 9619 14487 19355 24223 1967 33959 38827 43695 48563 
8
2074 10288 18502 112 34930 43144 51358 59572 
4
9257 13491 17725 944 
10
5419 6603 7787 8971 1924 11339 12523 13707 14891 16075 